
# dataset
# code

dataset <- structure(list(RI = c(152101, 151761, 151618, 151766, 151742, 
                                 151596, 151743, 151756, 151918, 151755, 151571, 151763, 151589, 
                                 151748, 151763, 151761, 151784, 152196, 151911, 151735, 15175, 
                                 151966, 151736, 151751, 15172, 151764, 151793, 151721, 151768, 
                                 151784, 151768, 151747, 151775, 151753, 151783, 151567, 151909, 
                                 151797, 152213, 152213, 151793, 151755, 151779, 15221, 151786, 
                                 1519, 151869, 152667, 152223, 151898, 15232, 151926, 151808, 
                                 151837, 151778, 151769, 151215, 151824, 151754, 151754, 151905, 
                                 151977, 152172, 152227, 152172, 152099, 152152, 152152, 152152, 
                                 1523, 151574, 151848, 151593, 151631, 151596, 15159, 151645, 
                                 151627, 151613, 15159, 151592, 151593, 151646, 151594, 151409, 
                                 151625, 151569, 151645, 151618, 15164, 151841, 151605, 151588, 
                                 15159, 151629, 15186, 151841, 151743, 151689, 151811, 151655, 
                                 15173, 15182, 152725, 15241, 152475, 153125, 153393, 152222, 
                                 151818, 152664, 152739, 152777, 151892, 151847, 151846, 151829, 
                                 151708, 151673, 151652, 151844, 151663, 151687, 151707, 152177, 
                                 151872, 151667, 152081, 152068, 15202, 152177, 152614, 151813, 
                                 1518, 151811, 151789, 151806, 151711, 151674, 151674, 15169, 
                                 151851, 151662, 151709, 15166, 151839, 151769, 15161, 15167, 
                                 151643, 151665, 152127, 151779, 15161, 151694, 151646, 151655, 
                                 152121, 151776, 151796, 151832, 151934, 152211, 151514, 151915, 
                                 152171, 152151, 151969, 151666, 151994, 152369, 151316, 151321, 
                                 152043, 152058, 152119, 151905, 151937, 151829, 151852, 151299, 
                                 151888, 151916, 151969, 151115, 151131, 151838, 152315, 152247, 
                                 152365, 151613, 151602, 151623, 151719, 151683, 151545, 151556, 
                                 151727, 151531, 151609, 151508, 151653, 151514, 151658, 151617, 
                                 151732, 151645, 151831, 15164, 151623, 151685, 152065, 151651, 
                                 151711), Na = c("13.64", "13.89", "13.53", "13.21", "13.27", 
                                                 "12.79", "13.3", "13.15", "14.04", "13", "12.72", "12.8", "12.88", 
                                                 "12.86", "12.61", "12.81", "12.68", "14.36", "13.9", "13.02", 
                                                 "12.82", "14.77", "12.78", "12.81", "13.38", "12.98", "13.21", 
                                                 "12.87", "12.56", "13.08", "12.65", "12.84", "12.85", "12.57", 
                                                 "12.69", "13.29", "13.89", "12.74", "14.21", "14.21", "12.79", 
                                                 "12.71", "13.21", "13.73", "12.73", "13.49", "13.19", "13.99", 
                                                 "13.21", "13.58", "13.72", "13.2", "13.43", "13.14", "13.21", 
                                                 "12.45", "12.99", "12.87", "13.48", "13.39", "13.6", "13.81", 
                                                 "13.51", "14.17", "13.48", "13.69", "13.05", "13.05", "13.12", 
                                                 "13.31", "14.86", "13.64", "13.09", "13.34", "13.02", "13.02", 
                                                 "13.44", "13", "13.92", "12.82", "12.86", "13.25", "13.41", "13.09", 
                                                 "14.25", "13.36", "13.24", "13.4", "13.01", "12.55", "12.93", 
                                                 "12.9", "13.12", "13.24", "12.71", "13.36", "13.02", "12.2", 
                                                 "12.67", "12.96", "12.75", "12.35", "12.62", "13.8", "13.83", 
                                                 "11.45", "10.73", "12.3", "14.43", "13.72", "11.23", "11.02", 
                                                 "12.64", "13.46", "13.1", "13.41", "13.24", "13.72", "13.3", 
                                                 "13.56", "13.25", "12.93", "13.23", "13.48", "13.2", "12.93", 
                                                 "12.94", "13.78", "13.55", "13.98", "13.75", "13.7", "13.43", 
                                                 "13.71", "13.33", "13.19", "13", "12.89", "12.79", "12.87", "13.33", 
                                                 "13.2", "12.85", "13", "12.99", "12.85", "13.65", "13.33", "13.24", 
                                                 "12.16", "13.14", "14.32", "13.64", "13.42", "12.86", "13.04", 
                                                 "13.41", "14.03", "13.53", "13.5", "13.33", "13.64", "14.19", 
                                                 "14.01", "12.73", "11.56", "11.03", "12.64", "12.86", "13.27", 
                                                 "13.44", "13.02", "13", "13.38", "12.85", "12.97", "14", "13.79", 
                                                 "14.46", "14.09", "14.4", "14.99", "14.15", "14.56", "17.38", 
                                                 "13.69", "14.32", "13.44", "14.86", "15.79", "13.88", "14.85", 
                                                 "14.2", "14.75", "14.56", "14.14", "13.87", "14.7", "14.38", 
                                                 "15.01", "15.15", "11.95", "14.85", "14.8", "14.95", "14.95", 
                                                 "14.94", "14.39", "14.37", "14.14", "14.92", "14.36", "14.38", 
                                                 "14.23"),